USER = jgnt42 (Jude Waide),
ALGORITHM CODE = AC, NAME OF CITY-FILE = AISearchfile175.txt,
SIZE = 175, TOUR LENGTH = 21477,
61,45,31,143,135,156,41,83,77,29,44,32,74,98,2,47,59,85,27,127,84,11,25,153,110,149,6,7,118,17,64,70,107,113,95,15,152,115,168,66,102,114,120,75,14,150,97,82,122,145,73,170,124,92,132,51,55,159,33,23,163,167,148,52,8,80,103,62,68,46,19,106,65,116,48,139,91,50,96,1,161,130,125,171,166,140,160,157,5,87,164,137,117,71,158,109,162,63,144,86,78,35,133,30,174,72,39,58,172,57,13,18,136,49,108,42,24,60,155,43,34,123,112,37,3,138,151,173,99,89,165,54,101,147,134,56,105,146,100,20,88,16,131,128,0,38,169,142,28,93,154,40,10,53,4,119,90,104,129,121,126,141,94,9,26,36,12,69,21,111,22,67,79,81,76,
NOTE = Finished after 1999 iterations
Additional parameters:
evaporationRate - 0.11
alpa - 1
w - 6
beta - 2
num_processes - 8
gamma - 0.3
smoothingThreshold - 0.8
The parameter values are 'max_it' = 2000 and 'num_ants' = 175.
RUN-TIME = 1192.5 seconds.
CERTIFICATE = 10221.
