USER = jgnt42 (Jude Waide),
ALGORITHM CODE = AC, NAME OF CITY-FILE = AISearchfile180.txt,
SIZE = 180, TOUR LENGTH = 1950,
152,141,154,169,106,174,50,0,70,25,21,145,38,44,29,2,115,9,162,73,53,67,160,7,87,75,30,52,81,98,84,40,111,108,23,113,93,132,178,176,41,177,19,155,99,49,153,64,48,100,173,71,101,133,105,159,90,46,139,15,59,166,146,74,137,121,13,167,122,17,164,35,4,63,36,89,163,78,20,37,76,112,47,156,92,142,57,12,39,68,119,26,171,3,56,14,97,138,104,107,109,179,28,86,168,161,69,94,43,143,116,130,129,123,79,158,144,114,124,33,148,88,85,55,82,32,96,31,127,135,95,120,10,80,34,5,66,118,125,24,128,11,131,6,1,149,45,91,27,60,42,140,22,83,65,117,136,62,51,77,134,147,103,54,170,151,16,102,18,72,126,175,110,61,58,165,150,8,157,172,
NOTE = Finished after 1999 iterations
Additional parameters:
evaporationRate - 0.11
alpa - 1
w - 6
beta - 2
num_processes - 8
gamma - 0.3
smoothingThreshold - 0.8
The parameter values are 'max_it' = 2000 and 'num_ants' = 180.
RUN-TIME = 1262.8 seconds.
CERTIFICATE = 11727.
