USER = jgnt42 (Jude Waide),
ALGORITHM CODE = AC, NAME OF CITY-FILE = AISearchfile535.txt,
SIZE = 535, TOUR LENGTH = 49327,
31,244,368,68,298,362,319,408,512,441,147,383,148,105,132,379,143,371,234,204,377,136,365,373,199,310,514,430,486,159,154,71,497,219,214,431,182,460,15,23,397,505,502,360,285,108,28,263,282,240,58,14,170,520,146,477,47,475,238,510,445,106,363,209,264,103,276,279,52,351,145,206,69,311,374,9,98,64,70,8,167,328,120,233,446,121,354,407,321,194,369,112,94,237,295,63,483,4,448,436,196,519,418,334,500,162,476,450,529,59,208,83,117,392,89,515,482,457,142,46,158,25,127,423,260,421,358,228,528,22,339,180,429,236,490,402,324,388,462,419,359,48,175,16,530,299,356,197,107,7,129,33,304,315,471,410,313,101,216,100,516,192,85,212,144,473,518,442,415,452,207,289,12,30,300,294,336,340,21,75,305,164,427,440,286,398,353,135,283,202,302,449,53,481,318,464,501,466,350,131,349,150,382,342,257,114,343,115,45,261,385,211,227,417,86,269,301,19,49,428,316,42,409,338,225,172,504,329,271,102,3,498,463,198,274,403,140,290,524,126,245,149,66,193,248,526,217,128,380,133,118,525,50,309,34,178,90,195,387,186,344,400,187,534,491,177,0,27,393,268,432,35,492,62,531,6,478,32,153,306,467,235,352,215,242,51,60,314,459,443,104,361,320,474,56,394,152,160,404,447,254,496,453,438,487,366,291,57,265,341,61,166,253,348,389,81,484,17,92,281,293,91,189,489,171,169,386,376,36,332,231,26,230,249,10,119,322,330,416,439,210,41,533,355,292,73,138,317,493,494,422,72,250,43,1,82,185,262,267,74,174,391,157,468,401,222,88,273,188,412,375,335,78,424,435,297,255,20,465,367,456,455,347,270,451,312,96,40,506,472,523,97,109,200,284,307,461,390,110,67,151,278,111,139,469,384,275,124,325,479,239,201,79,13,509,277,24,125,220,272,93,370,532,77,288,513,38,527,165,54,259,95,241,458,191,243,44,39,507,155,232,499,205,163,156,413,65,378,426,18,137,337,99,11,326,372,381,495,327,357,521,123,266,258,2,37,141,511,76,134,444,287,437,517,503,470,213,303,190,84,364,433,405,161,522,168,256,122,425,80,179,181,252,226,395,411,508,130,345,480,406,173,203,29,113,218,251,5,488,434,333,183,221,229,414,399,116,247,308,87,396,346,176,223,485,246,323,420,224,331,55,454,296,280,184,
NOTE = Finished after 999 iterations
Additional parameters:
evaporationRate - 0.11
alpa - 1
w - 6
beta - 2
num_processes - 8
gamma - 0.3
smoothingThreshold - 0.8
The parameter values are 'max_it' = 1000 and 'num_ants' = 535.
RUN-TIME = 15741.6 seconds.
CERTIFICATE = 93609.
